13,1
13,41
13,75
13,2
13,5
10,9
16,6
10,8
16,7
16,1
10,7
16,8
16,2
10,6
16,5
10,5
10,1
8,7
8,6
8,5
8,2
8,1
6,6
6,2
6,1
5,6
6,5
5,5
5,2
5,1
0,831
0,825
0,634
0,633
0,632
0,631
0,630
0,629
0,628
0,627
0,626
0,625
0,624
0,623
0,622
0,621
0,620
0,619
0,618
0,617
0,616
0,615
2,2
0,614
2,1
0,613
0,612
2,5
0,611
0,610
0,609
0,608
0,607
0,606
0,605
0,604
0,603
0,602
0,601
0,600
0,599
0,598
0,508
0,364
0,340
0,308
0,305
0,10
0,496
0,311
0,310
0,0
0,307
0,306
0,13
0,339
0,11
0,9
243,34
243,33
243,32
243,31
243,30
243,29
243,28
243,27
243,26
243,25
243,24
243,23
243,22
243,21
243,20
243,19
243,18
243,17
243,16
243,15
243,14
243,13
243,12
243,11
243,10
243,9
243,8
243,7
243,6
243,5
243,4
243,3
243,2
243,0
0,484
0,469
0,303
0,483
0,468
0,302
0,822
0,467
0,301
0,466
0,300
0,482
0,465
0,299
0,481
0,464
0,298
0,480
0,463
0,297
0,821
0,462
0,296
0,820
0,461
0,295
0,479
0,460
0,294
0,478
0,459
0,293
0,477
0,458
0,292
0,819
0,457
0,291
0,818
0,456
0,290
0,453
0,455
0,289
0,817
0,493
0,288
0,816
0,452
0,287
0,476
0,451
0,286
0,454
0,450
0,285
0,829
0,449
0,284
0,828
0,447
0,283
0,448
0,446
0,282
0,475
